21257	0.001973729474758731	0.9752313744647807	0.022794896060462738
21258	0.0023767881039324077	0.990526554817561	0.007096657078504983
21259	0.004361465057087985	0.9952535595317582	0.0003849754111474569
21260	0.002368935697339282	0.9970115585146156	0.0006195057880459905
21261	0.7239122548995018	0.27471299236304886	0.00137475273743997
21262	0.7817664113280108	0.21674116020945097	0.0014924284625362526
21263	0.01390644413485941	0.9549342481964667	0.031159307668675414
21264	0.04684526174925798	0.9499059665605234	0.003248771690220446
21265	0.06295570536987329	0.9326552856647274	0.00438900896539769
21266	5.5279538987040374e-05	0.0008255759850430037	0.9991191444759754
21267	6.523372632171373e-05	0.4044043421292413	0.5955304241444432
21268	0.00617066973424351	0.9933224568963104	0.0005068733694508648
21269	0.021115583152690843	0.9771631657675273	0.001721251079787997
21270	0.004803528075279689	0.9807912728193632	0.014405199105352507
21271	0.024415660086059138	0.9257596535548436	0.049824686359097266
21272	0.03359799296061842	0.934083643348695	0.03231836369067486
21273	0.0001756517732602612	0.9998228104936304	1.5377331006256227e-06
21274	0.05287058982028267	0.9314308271068183	0.015698583072899962
21275	0.06285494170860231	0.9370774810117023	6.757727969988472e-05
21276	0.0033007162253911237	0.9958097944009507	0.0008894893736540128
21277	0.010355989853912367	0.9841154640772084	0.005528546068872478
21278	0.969282633543558	0.03014477427120297	0.0005725921852419987
21279	0.4257186591678433	0.4741556019509508	0.10012573888121273
21280	0.014241135620706072	0.9270974495335352	0.05866141484576306
21281	0.04201222196621579	0.7862532833322019	0.17173449470157925
21282	0.00039718095160521646	0.9535984391190268	0.04600437992937043
21283	0.0022848896110367473	0.9762756486438456	0.02143946174511878
21284	0.0015211029495473289	0.997511162540682	0.0009677345097800115
21285	6.584526308272842e-05	0.9996875740944825	0.0002465806424264904
21286	0.036550002673674455	0.8746401789047862	0.08880981842153751
21287	0.32728061765490096	0.3345058004026264	0.33821358194247253
21288	7.822873181690305e-05	0.9540238307380262	0.045897940530144905
21289	0.0009209278430806816	0.9224791291263129	0.076599943030601
21290	0.0002126648026881451	0.9996712913844301	0.00011604381288003049
21291	0.0007391578906521847	0.9988605863736311	0.00040025573572244843
21292	0.001816139398315735	0.9644976928583969	0.03368616774328534
21293	0.0024531564370967843	0.951805857509181	0.04574098605372181
21294	0.01480956809384429	0.7480423585739979	0.2371480733321538
21295	0.0018963903693613397	0.9698323539085568	0.02827125572208395
21296	0.013806577750415753	0.9424240221864343	0.043769400063146544
21297	0.12531418354037052	0.7007869375475588	0.17389887891207112
21298	0.01196793413696975	0.9801324386106322	0.007899627252394065
21299	0.06328523257976226	0.8301194251026128	0.10659534231761995
21300	0.0027240017545862305	0.9398166784462427	0.05745931979917504
21301	0.010096385443919427	0.2708909115245157	0.7190127030315684
21302	0.0013005643129500573	0.9968885671258274	0.0018108685612200708
21303	0.015744923092413893	0.9726010178249788	0.011654059082605285
21304	0.051601222036260413	0.7918801551027311	0.15651862286100116
21305	0.013012479158796803	0.9805347421285545	0.006452778712649463
21306	0.04037890450320172	0.8201678303503691	0.13945326514642994
21307	0.0007043243310983726	0.9981981419893232	0.0010975336795819852
21308	0.014932441210309108	0.978307893564181	0.0067596652255148965
21309	0.00046078086388371493	0.9484697051425426	0.0510695139935769
21310	0.0114907896978046	0.947718824695856	0.04079038560633606
21311	0.032806967393315185	0.9630655052131525	0.004127527393528424
21312	0.0029793268553499545	0.2099404077627936	0.7870802653818593
21313	4.5085419890015084e-06	0.9999954264930289	6.496498221016098e-08
21314	0.01347791602584423	0.9050994772509224	0.08142260672323556
21315	0.004929773708520629	0.9937505602411124	0.001319666050373421
21316	0.06513362171023204	0.17800501515614683	0.7568613631336188
21317	0.5149337582418463	0.1669618431894275	0.3181043985687245
21318	0.0008457564185186985	0.9389691536703085	0.06018508991116959
21319	0.03601951387939647	0.9573398377462117	0.006640648374384926
21320	0.05599007299686299	0.12664143551339554	0.8173684914897402
21321	0.006537185435259645	0.936198844046146	0.05726397051859022
21322	0.05993779896251825	0.9165569427786638	0.023505258258818464
21323	0.0005914938413237135	0.9992407960705921	0.0001677100880794476
21324	0.03976527887025469	0.7367288799604821	0.22350584116926323
21325	0.00032869794204892213	0.9855217475335115	0.014149554524445334
21326	0.007687410579911896	0.9769112404183253	0.015401349001760612
21327	0.13736682531416797	0.7455868623433658	0.11704631234246472
21328	0.007449511152491082	0.9718064209317036	0.020744067915799844
21329	0.0007585291658416031	0.9401960937330376	0.05904537710111507
21330	0.0017415093272645107	0.8421589066723004	0.1560995840004335
21331	0.007049327642134972	0.4090385372577748	0.5839121351000888
21332	0.000763524402305433	0.9980742546280538	0.0011622209696443356
21333	0.028715896983733627	0.9704453672255033	0.0008387357907689544
21334	0.0025675611377248835	0.9964998723608769	0.000932566501392419
21335	0.0035098339710566214	0.9952086517715588	0.0012815142573804111
21336	1.6137515660766323e-05	0.9999684784809111	1.5384003430489624e-05
21337	0.07055535542976592	0.9112091978902674	0.018235446679967654
21338	0.001113483940838726	0.7055879869594609	0.2932985290997021
21339	0.012192049764226474	0.21157688581003792	0.7762310644257367
21340	0.17533796561621154	0.3248993344766605	0.49976269990712646
21341	0.17273710873428005	0.7541659131134836	0.07309697815223531
21342	0.05949165062332667	0.8228826170419019	0.11762573233476874
21343	0.592903547335085	0.37184891180168844	0.03524754086322153
21344	0.031452044519842896	0.9662749935789826	0.0022729619011763453
21345	0.33171688974007035	0.5573398256509874	0.11094328460894465
21346	0.03056789915683495	0.9404658316859956	0.02896626915717025
21347	0.031875393180894385	0.8534453771200577	0.11467922969905402
21348	0.006397815053735157	0.9921095124795989	0.0014926724666699783
21349	0.0035322495138193754	0.9933454916597493	0.0031222588264379937
21350	0.07469796927942712	0.8972203231735512	0.02808170754702509
21351	0.01092474855119069	0.9853348012506936	0.0037404501981155645
21352	0.036672575586076596	0.9508671440773434	0.012460280336580047
21353	0.0005689079562740474	0.9994224622864913	8.629757229823497e-06
21354	0.0013766348229123663	0.9891340582369729	0.009489306940116932
21355	0.00018519877351688168	0.9997593069406833	5.549428580602683e-05
21356	0.0005776929613322058	0.9989805782792517	0.00044172875941852547
21357	0.1743259539976165	0.7140675514601893	0.11160649454219465
21358	0.005519596479977829	0.9925792800677541	0.0019011234522661508
21359	0.009069180312207744	0.9882643818226259	0.0026664378651697863
21360	0.00016887828984254134	0.9964053225721289	0.0034257991380233603
21361	0.0822808744563975	0.9172174112137598	0.0005017143298432052
21362	0.017511256017548854	0.626385871918614	0.3561028720638401
21363	0.06919273318585341	0.8809378134679704	0.04986945334617644
21364	0.017592308907277997	0.9823753915887814	3.2299503950971194e-05
21365	0.004192590873912672	0.9953584972757511	0.0004489118503423088
21366	0.0007814901315526732	0.9990955439063416	0.00012296596210995017
21367	0.00011180506326353714	0.9536088900539652	0.04627930488276748
21368	0.018577773595126332	0.05353364730683917	0.9278885790980318
21369	0.0021599287396614954	0.046631696204528485	0.951208375055815
21370	0.11231063876933031	0.887123667338103	0.0005656938925727835
21371	0.0022343525853240434	0.9976406906004603	0.00012495681420420898
21372	0.016709381656109	0.9733067633168353	0.009983855027054846
21373	0.08435768543996025	0.7870215811023727	0.12862073345767214
21374	0.0016457265757094542	0.997214884397362	0.0011393890269347528
21375	0.01001818079110228	0.9722827000029086	0.0176991192059886
21376	0.6885290535359581	0.2078164413902591	0.1036545050737846
21377	0.35066376965705165	0.15539340855930178	0.4939428217836513
21378	0.012221407290109692	0.9804862064694609	0.007292386240423119
21379	0.2136588215599645	0.732120310803058	0.05422086763697474
21380	0.0001783897951347901	0.9956762341866541	0.0041453760182095
21381	0.011671676455479518	0.9860097101431469	0.0023186134013605526
21382	0.04116234298137103	0.911329551159584	0.04750810585904409
21383	0.31702377691870215	0.6764234116217739	0.006552811459523627
21384	0.06865344217783066	0.539334225081763	0.39201233274040664
21385	0.0025578971884807375	0.9867668456035632	0.010675257207954104
21386	0.00197241965470288	0.9751497521912144	0.022877828154083762
21387	0.041508533720133696	0.9543510666204243	0.004140399659444857
21388	0.0013390190097318166	0.9930572276319783	0.005603753358287256
21389	0.00457967348405083	0.9764007536751667	0.01901957284078491
21390	0.13161466560381868	0.8493992649869321	0.018986069409248928
21391	0.001508469460665601	0.9982753624780233	0.00021616806131437066
21392	0.0095815430486498	0.9888754329222291	0.0015430240291257836
21393	0.007446032686802806	0.5056152603844695	0.48693870692874097
21394	0.08945888253959018	0.6486345358319675	0.26190658162843056
21395	0.5513204778226527	0.30221162908092575	0.14646789309642055
21396	0.001635323618727974	0.9250575374747434	0.07330713890652982
21397	0.19176873871647787	0.6518639214408489	0.15636733984267884
21398	0.06489782807657957	0.5299967157301189	0.40510545619330013
21399	0.006117129093035996	0.9778289307735054	0.016053940133462945
21400	0.0006109838352810022	0.9931279189859413	0.006261097178780289
21401	0.0005725569817575818	0.9885386132986129	0.010888829719631708
21402	0.00037882346344879575	0.9986887244067945	0.0009324521297519002
21403	3.7535444079867307e-06	0.9926602428541689	0.0073360036014176325
21404	0.0018254338008861458	0.944447330221677	0.05372723597744226
21405	0.032861863247422095	0.6949655944830846	0.2721725422694936
21406	0.08816772005626064	0.4977394966998121	0.41409278324392507
21407	0.018595752965137435	0.8971351521094829	0.08426909492538223
21408	0.054549569549201725	0.9366892660061755	0.008761164444623952
21409	0.06393369447564412	0.8999488031284198	0.036117502395929306
21410	0.15406792087751106	0.7718987438361027	0.07403333528639115
21411	0.024956765375645732	0.9442159934056698	0.030827241218690196
21412	0.082302539223637	0.8312232148688269	0.08647424590753093
21413	0.29572722110815186	0.6378642589572593	0.06640851993458768
21414	1.3973844241899083e-05	0.989228781156999	0.01075724499875984
21415	0.00011847256254932375	0.9950329967814514	0.004848530655996605
21416	0.0007478411228723227	0.9751191427223765	0.024133016154741865
21417	0.10362362789497215	0.8946897764369471	0.0016865956680801129
21418	0.5263775732955048	0.42696031301618026	0.04666211368831849
21419	0.17064081714218732	0.7897531373927674	0.03960604546504465
21420	0.00022491881983028897	0.9983783394769016	0.0013967417032683693
21421	0.07751533646155451	0.7889213364625614	0.13356332707588603
21422	0.003928356994407291	0.9960361262639165	3.551674167595918e-05
21423	0.032740462681079364	0.9618362868703545	0.005423250448563459
21424	0.1631851346650065	0.7678379320439395	0.06897693329105148
21425	0.00011597279490931504	0.9994667931333472	0.0004172340717550676
21426	0.011316905430980047	0.9415465471896529	0.04713654737936063
21427	0.08416000017700702	0.8454626166411124	0.07037738318188178
21428	0.0701973243404049	0.9038386081162938	0.025964067543301973
21429	0.04512484596063435	0.9548492193448522	2.593469451437231e-05
21430	0.0974663896926624	0.03909095824441196	0.8634426520629327
21431	0.0016487461434826192	0.5845404339081143	0.41381081994840696
21432	0.2433760962199585	0.6436478304884933	0.11297607329154892
21433	0.04555226100953723	0.11600934034383983	0.8384383986466265
21434	0.013181610224211219	0.6092359146267003	0.377582475149087
21435	0.008764737170085269	0.9782600625834411	0.0129752002464715
21436	0.011900349591785828	0.9703898876659162	0.017709762742305034
21437	0.17551647061199266	0.7175649802496599	0.10691854913834882
21438	0.04027447473362791	0.4743171748643263	0.4854083504020446
21439	0.010482316618793097	0.5462775542042179	0.44324012917698663
21440	0.07602045582273803	0.7790138143641728	0.1449657298130896
21441	0.01859185477056174	0.9799871447662141	0.0014210004632293097
21442	0.025785021446061627	0.9675095556429423	0.006705422910994187
21443	0.0004114400110517068	0.9965946275751686	0.002993932413783572
21444	0.3352956226245097	0.6607008947469577	0.004003482628535894
21445	0.06349813860619888	0.8741596065654234	0.062342254828379386
21446	0.026074007627094564	0.9426328865228318	0.031293105850072354
21447	0.0038586607820217033	0.9938316057750679	0.0023097334429098854
21448	0.0011141750020893296	0.9982137701817784	0.0006720548161379404
21449	0.0040338567487891224	0.968796740090593	0.027169403160615738
21450	0.0199273268152038	0.888740068833036	0.09133260435176282
21451	0.0028996193161174282	0.9745151025090334	0.022585278174850596
21452	0.1488777379945067	0.7641601695763142	0.08696209242917856
21453	0.3856548227251805	0.4227316478289084	0.19161352944590943
21454	0.002708962309934299	0.904318607174648	0.09297243051541702
21455	0.03349575396990973	0.4775838345019796	0.4889204115281109
21456	0.0023304036997426757	0.9948458157661811	0.00282378053407554
21457	0.00022032200620246132	0.9997792987302255	3.7926356559795744e-07
21458	1.9849764604284756e-06	0.9151460197232864	0.08485199530024988
21459	0.0013727429993974469	0.9984124240353561	0.00021483296524312757
21460	0.031122691900290763	0.9668058029012341	0.0020715051984721653
21461	0.037087803444496206	0.8926317067013786	0.0702804898541243
21462	0.009088415102999946	0.9902563275267785	0.000655257370226861
21463	5.086842376244298e-05	0.9811644616061292	0.01878466997011363
21464	0.06822387595033083	0.9147299020079395	0.01704622204173215
21465	0.29357111374357764	0.700486745185782	0.005942141070642615
21466	0.10624205943463441	0.8894465008399952	0.004311439725373002
21467	0.000675436878083452	0.9150270845605745	0.08429747856134144
21468	0.0020508470534235817	0.9888776544808296	0.009071498465753246
21469	1.562051284252441e-05	0.9999724742872396	1.1905199914027842e-05
21470	0.26823522964129304	0.7181469367157781	0.013617833642935399
21471	0.41428538296332085	0.48413066443464736	0.10158395260202427
21472	0.00022581257822983173	0.999758873796697	1.5313625069864047e-05
21473	0.001015408477568235	0.5887525172889976	0.41023207423343394
21474	0.00730380899767288	0.7536531413661041	0.23904304963622056
21475	0.010730239275611292	0.9730361112982623	0.01623364942612949
21476	0.037744586862339356	0.9136831189193585	0.048572294218299054
21477	0.056177415919175855	0.31591043063151114	0.6279121534493157
21478	0.08705451916757788	0.8125639527296191	0.10038152810279856
21479	0.00018341625472640142	0.9077979731074656	0.09201861063780199
21480	0.00108406892504466	0.9548571344136048	0.044058796661351936
21481	0.34626373361564455	0.6361406648235638	0.01759560156078917
21482	0.33021629056627133	0.6136477862683489	0.05613592316537904
21483	0.033015102520386176	0.9617760779535813	0.00520881952602967
21484	0.00527235375809228	0.9899845871055183	0.004743059136396417
21485	0.029967035162728407	0.9012396536235784	0.06879331121368654
21486	3.142165795569892e-06	0.2596481726029839	0.7403486852312163
21487	5.161905440547223e-05	0.4554572114499741	0.5444911694956247
21488	3.956781760282985e-05	0.9999323164307752	2.8115751615494728e-05
21489	0.00024688637572201777	0.999305448600214	0.0004476650240627058
21490	0.011350552065340948	0.9361517162034397	0.0524977317312201
21491	0.02295378974328094	0.9751041919097344	0.001942018346991393
21492	0.031132093812550256	0.9662201065922457	0.002647799595211084
21493	0.004521582669609131	0.9741240034064735	0.021354413923912054
21494	0.047020286229510176	0.9528685948989143	0.00011111887157807796
21495	0.057708722113022005	0.7332653436288884	0.20902593425808666
21496	0.0005452407213113637	0.9955047939210051	0.0039499653576836645
21497	0.00453366563581806	0.9940405586383229	0.001425775725855695
21498	0.2792109973508243	0.7087989974849478	0.011990005164225563
21499	0.04354019462328774	0.9532694081752447	0.0031903972014659227
21500	0.1556395597094801	0.8414474636850577	0.002912976605473061
21501	0.017129007308968148	0.8702301710651754	0.11264082162585526
21502	0.03841813407419882	0.7706345249520632	0.1909473409737412
21503	0.12334778648865523	0.4594699088375922	0.41718230467375583
21504	0.005526427839159523	0.9849032457061312	0.009570326454706402
21505	0.0001318750110667727	0.9986823550779322	0.001185769911003298
21506	0.03730293549950364	0.9511249413683575	0.011572123132137672
21507	0.017677671328127528	0.8831021419916457	0.09922018668022788
21508	0.002773990527131742	0.9942900103250909	0.0029359991477727293
21509	0.054285539365190455	0.9433704264248803	0.002344034209930094
21510	0.0016265629845408256	0.8633298439084859	0.13504359310697073
21511	4.188317641676858e-06	0.9998429777560628	0.00015283392628472037
21512	0.002116923784403305	0.9938336598507885	0.004049416364811824
21513	0.003210603825869657	0.9632631857510637	0.03352621042306174
21514	0.029847550754464006	0.9561990496882062	0.013953399557332952
21515	0.00016373509049399145	0.9946432915500363	0.005192973359465402
21516	0.2953249360299077	0.18602220587991986	0.518652858090173
21517	0.0778495968751169	0.9186997868437338	0.003450616281150164
21518	0.007321249023627649	0.3509351903256429	0.6417435606507288
21519	0.029952107073178382	0.9692161526869141	0.0008317402399120853
21520	0.0009626219728725084	0.9927600144494824	0.006277363577649235
21521	0.0001567471586822422	0.2830911144474372	0.7167521383938745
21522	0.0021816566257827678	0.4674679207424384	0.5303504226317718
21523	0.5270146347633403	0.44533513880288733	0.027650226433771487
21524	0.012158078126505004	0.9079069137755014	0.07993500809799382
21525	0.05170318822005593	0.7169803241846848	0.231316487595259
21526	0.0003196515207992838	0.9995280181270828	0.00015233035212067856
21527	0.00011075539413101616	0.9998595382373213	2.9706368541793325e-05
21528	0.03391995145211128	0.45505838882324146	0.511021659724647
21529	0.0016700067048819936	0.9975828376255594	0.0007471556695499798
21530	0.012826242380518623	0.9673770597624005	0.019796697857080364
21531	0.000656473284854602	0.997963007794398	0.0013805189207433826
21532	0.007406535409846559	0.9731359872530538	0.01945747733710096
21533	0.08781913313312781	0.8770392827368207	0.03514158413005177
21534	0.06027145490486037	0.8766200138853867	0.0631085312097557
21535	0.03566410718468174	0.9582066425006209	0.006129250314700431
21536	0.17255201748728363	0.8250456455220666	0.002402336990651283
21537	0.0014930541738256008	0.9967476512673734	0.001759294558808883
21538	0.002095435305145015	0.9958043464112164	0.0021002182836351267
21539	0.3738009534402712	0.3130932918944336	0.3131057546652979
21540	0.0004510172532020347	0.9993798705738227	0.0001691121729740196
21541	0.3594103135941471	0.6014115876511202	0.03917809875473244
21542	0.0001300488398929242	0.9868823509397209	0.012987600220392602
21543	0.0003696167898420659	0.9983221352596823	0.0013082479504736653
21544	0.038154770888960625	0.9594111347124262	0.0024340943986149804
21545	0.007462914338832505	0.8253524527807855	0.16718463288037955
21546	0.5037340140819946	0.45936156295244734	0.03690442296556127
21547	0.004566345887007067	0.6461015774118055	0.3493320767011869
21548	0.0015137823419604617	0.9044248527255903	0.0940613649324527
21549	0.7898271940329569	0.20731935427219253	0.0028534516948489296
21550	0.060476197776966396	0.8587967863858593	0.08072701583717543
21551	0.043850074079330136	0.9518609775568843	0.004288948363785627
21552	0.6973847682307719	0.3010668013887389	0.001548430380494213
21553	0.1953006517434533	0.31039758393209443	0.49430176432444717
21554	0.005002408190165398	0.007315665216667401	0.9876819265931631
21555	0.0030456333788869173	0.032796851103598576	0.9641575155175113
21556	0.062295136909478445	0.2387639632741955	0.6989408998163253
21557	0.0003533134014813865	0.9759124564585516	0.023734230139962887
21558	0.0033450821297124804	0.9865949774876869	0.010059940382600408
21559	0.000793397283959774	0.4214030750273908	0.5778035276886526
21560	0.043394716296076705	0.9438812387217625	0.012724044982158548
21561	0.0025209979641432536	0.9965998819318734	0.0008791201039865291
21562	0.0012619925226881208	0.9903579646734373	0.008380042803880033
21563	0.03955662645002644	0.9586711504195696	0.0017722231304087537
21564	0.2310994769132541	0.7201568156921051	0.048743707394638125
21565	0.03852825327853931	0.9607744896286999	0.000697257092757547
21566	0.06143620323437503	0.9347808941198991	0.003782902645730737
21567	0.05292952184164701	0.9428609672455168	0.004209510912838432
21568	0.011366781227641523	0.9885291200782476	0.00010409869410198653
21569	0.05292886998729033	0.3208130380085384	0.6262580920041652
21570	0.008021961850255157	0.9814374768514796	0.010540561298267906
21571	0.0006473400304262059	0.9964859615675418	0.002866698402025044
21572	0.0024129300971811886	0.99152766175727	0.00605940814555538
21573	0.2572753399057283	0.5559692706919418	0.18675538940232775
21574	0.012120966512682867	0.9415598560814493	0.04631917740587404
21575	0.008245497268160854	0.9624656064076221	0.029288896324213734
21576	0.00011637644455574757	0.9993852650279057	0.0004983585275411113
21577	0.0027055963675338703	0.9923667859483077	0.0049276176841645345
21578	4.787550025497324e-05	0.44749918921211534	0.5524529352876324
21579	0.0002849881350915169	0.9995372453129435	0.00017776655195328746
21580	0.0009902046077740758	0.9983968494330343	0.0006129459591908357
21581	0.27032891302752554	0.6061460398222122	0.12352504715026037
21582	0.4974918387322536	0.3970368754752548	0.10547128579248893
21583	0.076039393712537	0.7383216738066984	0.18563893248076488
21584	0.8181922343096412	0.15382204680988462	0.02798571888047862
21585	0.07274286997634333	0.18531168478323407	0.741945445240423
21586	0.00025059653654965346	0.9395151076628697	0.06023429580057466
21587	0.0002402954693398918	0.9673968497736762	0.03236285475698558
21588	0.002417393603052716	0.9910848289515356	0.006497777445407497
21589	0.01490488926653399	0.9275606388226405	0.05753447191082555
21590	0.01110853679908082	0.9462356344901859	0.04265582871073541
21591	0.00022573130654124251	0.9970276871874857	0.002746581505963557
21592	0.3069464847436	0.6772411593507509	0.015812355905651457
21593	0.015826927341199323	0.946781426045748	0.037391646613059666
21594	0.014295391428858932	0.9767487286281413	0.008955879942995666
21595	0.2014998134102736	0.43491211609947633	0.3635880704902507
21596	0.2697729827978551	0.5311292888234046	0.1990977283787401
21597	0.010633551066622251	0.9703691957805787	0.018997253152796666
21598	0.5322806403796856	0.44602974133946577	0.021689618280850885
21599	0.011988806403247013	0.9726372038592257	0.015373989737527386
21600	0.031033009521730652	0.9033996531612493	0.06556733731702279
21601	0.032776173670456835	0.03661211752257002	0.9306117088069724
21602	0.41599430713816904	0.1653918453676038	0.4186138474942259
21603	0.09765447718884322	0.9014256951724968	0.0009198276386559733
21604	0.03711949190217527	0.9626749857093376	0.0002055223884759574
21605	0.34920696378746635	0.6441876324345647	0.006605403777969467
21606	0.002749672934611998	0.9648683967826438	0.03238193028274665
21607	0.00986681035921647	0.9242409299947848	0.06589225964599428
21608	0.103385963982054	0.7005632153481303	0.1960508206698145
21609	0.0019992534913279123	0.9953900076458666	0.0026107388628006695
21610	0.16873093271876058	0.8298221241306052	0.0014469431506321808
21611	0.1514301288496615	0.7519531248109536	0.09661674633938312
21612	0.02947032732536945	0.20397867279794127	0.7665509998766887
21613	0.0006761221728076362	0.9961821196464467	0.003141758180741618
21614	0.0013916745998537156	0.9978652248215852	0.0007431005785691445
21615	0.014339943981673561	0.9563829757599703	0.029277080258368005
21616	0.015370355592106482	0.9600347036983611	0.024594940709525736
21617	0.028213804217954046	0.7076192572192116	0.2641669385628317
21618	0.012548159637279701	0.9432813812098114	0.04417045915290611
21619	0.26204047505442113	0.6343571941342552	0.1036023308113254
21620	0.00031346676453673783	0.9968918241456982	0.0027947090897648
21621	0.0010821427970471131	0.9893436316774862	0.009574225525468924
21622	0.049806874595000966	0.94954912454792	0.0006440008570799431
21623	0.005273368026115935	0.9894490625960768	0.00527756937780149
21624	9.793548600148469e-05	0.9994564842114265	0.0004455803025662786
21625	0.08039432335475571	0.919236320993299	0.00036935565194542384
21626	0.15825818606721156	0.7484331243529607	0.09330868957983172
21627	0.01784958187416281	0.9497981576975609	0.032352260428285956
21628	0.015661955158452527	0.9810348943056908	0.0033031505358574157
21629	1.6832017710201785e-05	0.9889113627417838	0.01107180524050725
21630	0.00039933283398338476	0.8806092786998275	0.11899138846617961
21631	0.00060334522895901	0.995993490634292	0.003403164136752834
21632	0.0019096724427046655	0.7030438006963446	0.29504652686094773
21633	0.027192776023269763	0.8722052029523731	0.10060202102435191
21634	0.2178405171916152	0.7460795763559178	0.03607990645247044
21635	0.1635500325173886	0.7511182534460014	0.08533171403661079
21636	0.43118045351806833	0.0644651844423208	0.5043543620396168
21637	0.47587681699592815	0.05064666093686306	0.47347652206720886
21638	0.019594936153597014	0.9800760886438886	0.0003289752025162436
21639	0.0009227916311957865	0.9858657586973246	0.013211449671483787
21640	0.004792753794034235	0.820109568445995	0.1750976777599648
21641	0.11216502781782649	0.7840671355356668	0.10376783664650681
21642	0.06295238875980505	0.7040896805759408	0.23295793066425424
21643	0.0025662141544675722	0.997138149810487	0.0002956360350588236
21644	0.0035088335416219585	0.9960848119425301	0.0004063545158523641
21645	0.0019280507659978027	0.9859126124592636	0.01215933677473651
21646	0.18749497756828484	0.8053431207212092	0.007161901710506134
21647	0.08538576039153584	0.8356208509504842	0.0789933886579796
21648	0.06273402585089828	0.9244998572911978	0.012766116857897974
21649	0.2129947326404475	0.6915989053227934	0.09540636203676028
21650	0.0033313633545840084	0.30855852741959194	0.688110109225824
21651	0.04965934050615652	0.49113158112983063	0.4592090783640101
21652	0.051302554038636664	0.9476565398223854	0.0010409061389727576
21653	0.0007422801429103246	0.9897768367109976	0.009480883146092398
21654	0.0020788541904875587	0.9866283319622898	0.011292813847227768
21655	0.014140547863828101	0.9838223825430435	0.002037069593122462
21656	0.04729433554870894	0.9459444808031109	0.006761183648173475
21657	0.0012991669799629936	0.8094788238988258	0.1892220091212123
21658	0.013504177710128459	0.8984419613287933	0.08805386096107767
21659	0.01399986396062945	0.7969431655428489	0.18905697049652592
21660	0.042747323340394106	0.9477641993422059	0.009488477317401706
21661	0.009037642256978153	0.9195575529451833	0.07140480479783898
21662	0.08184582985032426	0.8892045793195459	0.028949590830128564
21663	0.021418845900425094	0.959270881107619	0.019310272991968074
21664	0.0005472511753884307	0.5621115860049652	0.4373411628196419
21665	0.0008649875453556206	0.9935794178136341	0.0055555946410045754
21666	0.01910085672983288	0.9753180680714831	0.005581075198684781
21667	0.00013847313773804548	0.999493044536565	0.00036848232570100366
21668	0.003947378815525261	0.9957361844573818	0.0003164367270959118
21669	0.006264751830899711	0.9934575142184368	0.0002777339506617553
21670	0.008769187114255917	0.9899080816389678	0.0013227312467743138
21671	0.0010281297412513925	0.9902602471726308	0.00871162308612131
21672	0.005653245350125062	0.8721112336015	0.1222355210483777
21673	0.012525527593361901	0.8183999154248826	0.1690745569817581
21674	0.02788709557180645	0.9684663254726554	0.0036465789555347287
21675	0.03175582000319787	0.9411149338756102	0.02712924612119209
21676	0.00044493592509176896	0.9969026432961957	0.002652420778708535
21677	0.005379898873708288	0.9900734147862668	0.00454668634002144
21678	0.05733512663428028	0.09097926322785102	0.8516856101378697
21679	0.0028430047167678643	0.8087762834533607	0.1883807118298656
21680	0.009572943703233147	0.9794993132351769	0.010927743061591519
21681	0.004938366030458427	0.9862849442435226	0.00877668972603101
21682	0.08853926635188303	0.47838182877154534	0.43307890487657086
21683	0.020570483501489132	0.9499570640121955	0.029472452486312115
21684	0.04650527969733728	0.947693830879442	0.005800889423222488
21685	0.04366179522877554	0.9532275443909832	0.0031106603802384665
21686	0.02363477060162053	0.7926628098845574	0.1837024195138236
21687	0.05164012115369258	0.49314478003696666	0.455215098809341
21688	0.033112895081324555	0.47672364264648925	0.49016346227218305
21689	0.286119946989157	0.48871596776625287	0.22516408524459314
21690	0.35204263923317497	0.5763948396416964	0.07156252112512904
21691	0.3149285247654275	0.6716179131945026	0.013453562040073374
21692	0.02966201457823584	0.9661138137408715	0.004224171680888993
21693	0.011187257588142416	0.03236539686724403	0.9564473455446107
21694	0.19763662854052239	0.20350957412747467	0.5988537973320025
21695	0.061931963243146385	0.9370541846702207	0.0010138520866395482
21696	0.0328810884979871	0.9553638156468286	0.011755095855183847
21697	0.15230096110716074	0.7087578303900892	0.13894120850274833
21698	0.0040215533492587024	0.9839058423299452	0.012072604320795089
21699	0.013500947005272344	0.9405329923030212	0.04596606069170557
21700	0.03831406361736898	0.9069198470123238	0.054766089370305276
21701	0.023050278610764224	0.9769447128796126	5.0085096197568085e-06
21702	0.0075457722831053274	0.9458056538903861	0.04664857382650666
21703	0.009360260756040214	0.984573059093336	0.006066680150618899
21704	0.05355998703860292	0.897220086725077	0.049219926236323375
21705	0.005688281207701195	0.9488941195934664	0.04541759919882592
21706	0.03191436689297392	0.9474428982621627	0.020642734844867353
21707	0.032296796119831495	0.9083581704470296	0.05934503343313909
21708	0.0071439455846699735	0.9269732243484614	0.06588283006686632
21709	0.006784459904406655	0.9399953314013768	0.05322020869421815
21710	0.005183952652313936	0.8548188184328643	0.1399972289148181
21711	0.9031301227493088	0.03309007497810063	0.06377980227259138
21712	0.0545031990132206	0.8048597149272994	0.14063708605947672
21713	0.25804463483655643	0.6797712402077708	0.06218412495567025
21714	0.009424210241793227	0.9757066292829922	0.014869160475218543
21715	0.001302102639387515	0.9946267956178506	0.0040711017427655346
21716	0.004854451508286024	0.9665541250684567	0.028591423423263693
21717	0.008464520112354356	0.9832699978636193	0.00826548202402498
21718	0.007404321007460583	0.9901002816614982	0.0024953973310370024
21719	0.0005221695474401828	0.007563827946318742	0.9919140025062472
21720	0.0012557495766919544	0.6657154070230888	0.3330288434002166
21721	0.003306003600354082	0.623805213176321	0.37288878322332475
21722	0.03284005906240807	0.9376319715473825	0.02952796939020604
21723	0.0990076276830529	0.8126493442650126	0.08834302805194112
21724	0.12120127068649096	0.8315814460605054	0.04721728325300393
21725	0.11462072791924881	0.0846458446436558	0.8007334274370963
21726	0.6620582588503194	0.17401985331208383	0.16392188783759665
21727	0.5087987502540638	0.24922555150907943	0.2419756982368536
21728	0.03299533885124826	0.9659650409490113	0.001039620199747414
21729	0.0002548497720820912	0.9596759681356473	0.04006918209227268
21730	4.045294805302649e-05	0.9989437145846108	0.0010158324673416879
21731	0.00022739414988186642	0.9993100234709792	0.0004625823791417581
21732	0.0009592292661403758	0.9955726508650093	0.00346811986884773
21733	0.021336931891890704	0.9458534754351113	0.03280959267300369
21734	0.006371095560659356	0.9492206864276631	0.044408218011683175
21735	0.23125681026384498	0.7592891475390767	0.009454042197076764
21736	0.626922456108017	0.18183496990902048	0.19124257398297373
21737	2.0765059834384672e-05	0.008988328842426127	0.9909909060977445
21738	0.01666620222059715	0.953577982479381	0.029755815300021558
21739	0.29178914737467726	0.5957446801343931	0.11246617249092859
21740	0.13215222039029983	0.7580631616220685	0.10978461798763395
21741	0.15818444923224156	0.5919136474630454	0.24990190330470716
21742	0.0023623674878571047	0.9876120707842481	0.010025561727883003
21743	0.00010659568099758007	0.9996915848061201	0.00020181951287198742
21744	0.03494978057397269	0.944115107320058	0.02093511210596512
21745	0.11142179301600819	0.8572925965154051	0.03128561046858734
21746	0.10577023018560815	0.8689679214033365	0.025261848411057285
21747	0.025265675660421448	0.7585040799632526	0.21623024437632563
21748	0.07328725071199842	0.8750112879740133	0.051701461313982934
21749	0.3142740591800545	0.6677653421448073	0.017960598675132836
21750	0.00258656200890945	0.9794501019039195	0.01796333608717061
21751	0.023799758055260203	0.9543305688703669	0.021869673074366883
21752	0.0002325654713597182	0.9997262617507479	4.11727778907417e-05
21753	0.03573105727178785	0.9210289729087913	0.04323996981942322
21754	0.0012302259044019769	0.9939112477202044	0.00485852637539208
21755	4.631587769457252e-06	0.9996642985292572	0.00033106988298401937
21756	0.013520814585143905	0.9786816594089717	0.0077975260058783125
21757	0.23058210701493181	0.7128621428859148	0.056555750099150086
21758	0.26964527668423327	0.7141247025581151	0.016230020757654798
21759	2.9319630476202047e-05	0.9206223883144472	0.0793482920550724
21760	0.0002587380198267492	0.9997334949022296	7.767077940328405e-06
21761	0.0016130525816586134	0.9982633827303516	0.00012356468798820492
21762	0.10083114536643416	0.445920298181972	0.4532485564515939
21763	0.0201305960349581	0.5803857341229158	0.39948366984212463
21764	0.08357675233285472	0.8576413190738075	0.05878192859333284
21765	0.003632061214819588	0.9945028525515379	0.0018650862336444102
21766	0.5103586178219902	0.4894296916142914	0.00021169056371982486
21767	0.11194623684512195	0.8197153440636615	0.06833841909121696
21768	0.006138151621410077	0.9867743621588246	0.007087486219755276
21769	0.04357638534767983	0.9350241451548864	0.021399469497432422
21770	0.03519703769487668	0.8505455703825511	0.1142573919225702
21771	0.00011653329723581225	0.9997943982007937	8.906850197493957e-05
21772	0.01726858753295101	0.4562830148671406	0.5264483975999052
21773	0.0031663526713440766	0.9711690471317077	0.02566460019695154
21774	0.01594489029677692	0.981309832243239	0.00274527745998409
21775	0.27013634804656833	0.7100828032171685	0.019780848736266444
21776	0.0006548472689626922	0.9922548503783212	0.007090302352716379
21777	0.06872652189393652	0.9073314370723036	0.023942041033757463
21778	0.4285056509396714	0.5628060332265037	0.008688315833824777
21779	0.7923266205828762	0.16667829991156236	0.04099507950556407
21780	0.07306500397102436	0.7658554228973237	0.1610795731316502
21781	0.00020012410859949535	0.8619886403046698	0.13781123558673444
21782	0.2795651663924833	0.6758184707830801	0.044616362824439135
21783	0.014727403429312277	0.9845998053257191	0.0006727912449798356
21784	0.1159017702174739	0.832925150155521	0.05117307962700595
21785	0.0071053125370470665	0.927226810714184	0.06566787674877046
21786	0.006418069217128634	0.7843787634542709	0.20920316732860145
21787	0.006571041106941382	0.9928923770214122	0.0005365818716464896
21788	0.0007830130154664276	0.905708076270987	0.09350891071355237
21789	0.07103788422161694	0.890443367928884	0.03851874784949922
21790	0.00023848825735935182	0.9980597876496017	0.0017017240930424968
21791	0.006569050212960485	0.9926371771812795	0.0007937726057462152
21792	0.0224414840124234	0.9748674826883693	0.002691033299214305
21793	0.016242011909208383	0.9514955081725512	0.032262479918240466
21794	0.16754409184232694	0.7807889186285809	0.05166698952909219
21795	0.009460275009415568	0.9898143508479182	0.0007253741426605587
21796	0.0007583263420928242	0.9992255951429894	1.6078514922919453e-05
21797	0.30634618097830835	0.678861051347596	0.014792767674093314
21798	0.8676075276844599	0.12626866964648356	0.006123802669057996
21799	4.263609286252886e-07	0.40468113551774576	0.5953184381213303
21800	3.6243987510590397e-06	0.2825592602438943	0.7174371153573529
21801	0.31539708486562357	0.6174673360416431	0.06713557909272629
21802	0.010811340644242162	0.9564714344319706	0.032717224923784864
21803	0.05751160703224932	0.9054783486928247	0.037010044274927385
21804	0.02465595158673065	0.9466084964732746	0.02873555193999704
21805	0.00019837134273275936	0.9573737159867837	0.04242791267049589
21806	0.0007475399856309362	0.9959453879307882	0.003307072083581079
21807	0.1540562285078245	0.6660262537375692	0.17991751775460388
21808	0.18752833267980032	0.5923114054908355	0.2201602618293637
21809	0.2270995992100527	0.4932497697737257	0.2796506310162208
21810	0.26146016549929146	0.4148844629277434	0.3236553715729666
21811	0.20723498087355482	0.7674747879370083	0.025290231189436622
21812	0.012475602703605279	0.9712651501663288	0.016259247130067375
21813	0.0022483247607534475	0.9703999761104435	0.02735169912879104
21814	0.1093847489357377	0.8544023392892518	0.03621291177501054
21815	0.000488318439719145	0.9813740313252517	0.018137650235024807
21816	0.01958800948816755	0.978314049458722	0.0020979410531076267
21817	0.05311727360342567	0.9442432091687104	0.0026395172278588074
21818	0.012776977459595372	0.9831239759406147	0.004099046599792372
21819	0.0036830961807786293	0.9952750618075925	0.0010418420116264462
21820	3.4052638788545394e-05	0.9999340369522157	3.191040899144845e-05
21821	0.0007964418103295502	0.9988861392485745	0.0003174189410972623
21822	0.11846315394492854	0.8795392145938459	0.001997631461225753
21823	1.777352036582948e-05	0.9892817358829402	0.010700490596697107
21824	0.04035790808821128	0.8372144940416376	0.12242759787015009
21825	0.24155050304769624	0.7356450475393864	0.022804449412915862
21826	0.05939681255232807	0.9177909518739639	0.02281223557370995
21827	0.22447011504269612	0.5555354594466394	0.21999442551066564
21828	8.919976513416599e-06	0.9999910619321335	1.8091338876560822e-08
21829	0.005391587257118559	0.857704083360742	0.1369043293821416
21830	0.00010378580461799996	0.9993109291758598	0.0005852850195202865
21831	0.14862399352575517	0.8487459489285599	0.0026300575456822527
21832	0.0379328520647501	0.9576506157983439	0.004416532136908919
21833	0.619825868315106	0.3776684709805384	0.002505660704359701
21834	0.03283908627169822	0.8321097399861912	0.13505117374211048
21835	0.2729044971777327	0.5679868037056255	0.1591086991166439
21836	0.0017730490838290638	0.9961263701735472	0.0021005807426255963
21837	0.005409875246981895	0.9093509614330618	0.0852391633199526
21838	0.045913038014889385	0.9156282123697164	0.038458749615396665
21839	0.13110591630589907	0.617088999511776	0.2518050841823278
21840	0.03402255672001992	0.9641549958686583	0.0018224474113233856
21841	0.0001407259867892525	0.9998084206995357	5.085331366481158e-05
21842	0.008172387778073067	0.8910903380668774	0.10073727415505052
21843	0.02219680053428134	0.8614364782479802	0.11636672121774103
21844	0.01161331265655047	0.9804585953138747	0.007928092029573761
21845	0.17817239781972027	0.8154318864171696	0.006395715763111634
21846	0.012949490262676644	0.9555419149094755	0.031508594827846105
21847	0.4378504434093919	0.5215514481266819	0.04059810846393243
21848	0.25390657884624396	0.6619045912889867	0.08418882986477015
21849	0.011245148340538176	0.6309116460669679	0.35784320559249333
21850	0.06079084783311228	0.9390613462575148	0.0001478059093712686
21851	0.00019579424457996054	0.9997975984362503	6.6073191678203396e-06
21852	6.395865722289785e-05	0.9892736521094145	0.010662389233360891
21853	0.17675133214809977	0.7868139144612176	0.03643475339067863
21854	0.007919336921491845	0.9846701681156685	0.007410494962841813
21855	0.003093571773451347	0.9767169933267084	0.020189434899837534
21856	0.010172789296355768	0.9145315519671801	0.07529565873646617
21857	0.0005648088760244237	0.10172862774932677	0.897706563374649
21858	0.00255371836038038	0.9910766061572028	0.006369675482410438
21859	0.009432766741896255	0.9772252826553187	0.013341950602772537
21860	0.03937969540173741	0.7310917608432915	0.22952854375496756
21861	0.20937606296449773	0.6917619663432519	0.09886197069224713
21862	0.05842213163139152	0.21181037930700697	0.729767489061601
21863	0.47750712978901433	0.2053943792959509	0.317098490915034
21864	0.006456334596631437	0.8763701443100046	0.11717352109336986
21865	0.0023886283981703767	0.9824239349297731	0.01518743667205492
21866	0.08470437789868229	0.9064352546137402	0.008860367487577183
21867	0.018574820069846003	0.8270459532599448	0.1543792266702037
21868	0.0018084127454267094	0.9970715950905525	0.0011199921640254356
21869	0.00024185298849667547	0.9990537756500274	0.0007043713614806839
21870	0.000104491515871049	0.9998820785812567	1.3429902877393516e-05
21871	0.012236134201601565	0.3294400691964057	0.6583237966019968
21872	0.0012630662053991976	0.9972354532724109	0.0015014805221919521
21873	0.02838687169928919	0.9572612642740013	0.014351864026710641
21874	0.19634407474617066	0.7045437772232575	0.09911214803057365
21875	0.34930200387207855	0.20075385078075453	0.44994414534716265
21876	0.05281086201193173	0.9455218899221148	0.00166724806595363
21877	0.1384916424325611	0.45281913027077947	0.40868922729666113
21878	0.4408503921317055	0.5130415532833622	0.04610805458494101
21879	0.05315933606580332	0.3329284985040458	0.6139121654301484
21880	0.00041745021993403716	0.9978858177761384	0.0016967320039317855
21881	0.02617296471244508	0.960231460931446	0.013595574356113738
21882	0.000885157672060258	0.9003502105579386	0.09876463176999749
21883	0.01662746490716508	0.9818102887673853	0.0015622463254534689
21884	0.026647202108796706	0.7397771806678418	0.23357561722336273
21885	0.02131311672197932	0.9341795288714856	0.04450735440653054
21886	3.559025564457631e-05	0.8940301041800832	0.1059343055642775
21887	0.00011524030394867421	0.9979936017718886	0.0018911579241620536
21888	0.00046875267601133964	0.9995296145052743	1.6328187208281104e-06
21889	9.75011870136618e-05	0.9997128719998124	0.00018962681318005246
21890	0.001508469460665601	0.9982753624780233	0.00021616806131437066
21891	0.006814259814808048	0.9914481988145659	0.0017375413706311304
21892	0.2989121074519613	0.6934073980467959	0.007680494501241686
21893	0.00021452199442481372	0.998393124575321	0.0013923534302545536
21894	0.001310642090305742	0.9769818377408345	0.021707520168859604
21895	0.032711629612848715	0.8971979456092734	0.0700904247778783
21896	0.0001350807683781045	0.6540795664895663	0.34578535274206895
21897	0.9207964942158071	0.052055408436861475	0.027148097347324793
21898	0.007370717098145692	0.9835963806887811	0.009032902213071849
21899	0.04232556635530162	0.9554453970890567	0.0022290365556432443
21900	0.00538315365864423	0.9902556930888263	0.0043611532525355615
21901	0.28202120618347337	0.7164549676679086	0.0015238261486151957
21902	0.0012617274225478325	0.987165919017099	0.01157235356035065
21903	0.09987731455997609	0.8895971843414202	0.010525501098604631
21904	0.009463649449575581	0.9795366111707146	0.010999739379710601
21905	0.16905713068866743	0.747372093667047	0.08357077564428553
21906	0.0008330334438517334	0.9990181711605278	0.0001487953956169002
21907	0.0007368925397748697	0.991368844539793	0.007894262920428803
21908	0.2175569763786953	0.47947079310816404	0.3029722305131397
21909	0.0010744977518261426	0.946416699174418	0.05250880307375244
21910	0.018424970074619317	0.9302124095423839	0.051362620382995036
21911	0.06384592647547672	0.8604584513030257	0.07569562222149795
21912	0.00017434541371980463	0.9984345304091927	0.0013911241770825748
21913	0.09059227787207624	0.9057640147653361	0.0036437073625863194
21914	0.00012250644433235697	0.9997827207902195	9.4772765445739e-05
21915	0.002857980266140902	0.9962016881292599	0.000940331604595759
21916	9.557533718697655e-05	0.5587573329539638	0.44114709170884725
21917	0.011043266128526467	0.9532124206172371	0.03574431325423709
21918	0.01785935993264612	0.9733741402473891	0.008766499819964304
21919	0.0644405873133912	0.31087100911224963	0.6246884035743597
21920	0.031464296219008266	0.9627988309943175	0.005736872786672939
21921	0.10080863401476017	0.8783454564549126	0.020845909530324436
21922	0.02884006835409572	0.966146294955679	0.005013636690218138
21923	0.019516901400042357	0.9748966393137408	0.0055864592862056315
21924	0.10256959845735196	0.8646060007206993	0.03282440082194809
21925	0.057530197882809685	0.9288866232460906	0.013583178871094056
21926	0.0026536280701513247	0.7183969061575376	0.2789494657723064
21927	0.039453924020791564	0.9428735480615682	0.01767252791763945
21928	0.2251851342264809	0.7668185955170603	0.007996270256471927
21929	0.08917196431239871	0.8584345106192495	0.05239352506835772
21930	0.057286152756960716	0.935104449855523	0.0076093973875139675
21931	0.0002629298349684261	0.9976248056842774	0.002112264480744735
21932	0.00013328668728058497	0.9974572094178661	0.0024095038948430997
21933	0.0007481446376771301	0.9963758239895742	0.0028760313727542964
21934	0.0007438882649181623	0.9845234023548465	0.014732709380239746
21935	0.00021429404301992683	0.9960435740504417	0.0037421319065493596
21936	0.018890971687110382	0.9809136530239192	0.00019537528897233623
21937	0.026317080745973585	0.9727568569101166	0.0009260623439061022
21938	0.005302487026657295	0.9946922075363547	5.305436980033058e-06
21939	0.013247616343204632	0.8872228144024508	0.09952956925434119
21940	0.03608959912872958	0.6948372189871439	0.2690731818841231
21941	0.0338385980001417	0.9660557087204358	0.00010569327942131431
21942	0.15879054357307001	0.5331045767691764	0.3081048796577471
21943	0.05168113941642826	0.7211571368162754	0.2271617237672955
21944	0.0019294552917730543	0.8051951497866003	0.19287539492162437
21945	2.8881638633318924e-05	0.9956170460458588	0.004354072315512183
21946	0.00024396889814898285	0.9978007217626292	0.0019553093392179876
21947	0.00013330861387584713	0.13053985372583027	0.8693268376602978
21948	0.0025157015529894146	0.2630421777850956	0.734442120661908
21949	0.06101152102111444	0.9182078420626962	0.020780636916186618
21950	0.035856926409882736	0.9131573433767988	0.05098573021332007
21951	0.010906097730964378	0.9754204226454458	0.013673479623590813
21952	0.16883916001381508	0.5854505831687342	0.24571025681744899
21953	0.2881676198379972	0.5334744304990794	0.1783579496629241
21954	0.0016838949160792318	0.9951574074514722	0.0031586976324434707
21955	0.03022498338667403	0.9618463168108441	0.007928699802484966
21956	0.041882464198121305	0.9487721913257804	0.00934534447610131
21957	3.0342103668254985e-05	0.9988859186166755	0.001083739279658419
21958	4.4896109714910034e-05	0.999941620571314	1.3483318975465042e-05
21959	0.09158338293437764	0.8007860029544143	0.10763061411120983
21960	0.13023208937784797	0.68972044416817	0.18004746645398362
21961	0.1482586333446161	0.503045998177501	0.3486953684778796
21962	0.16092511005011625	0.7995613596595718	0.039513530290318115
21963	0.00010402363549062516	0.9974210016207523	0.0024749747437609786
21964	0.00237726786521592	0.9735672507403031	0.024055481394483234
21965	0.07145352624110855	0.9255914173036777	0.002955056455211911
21966	0.29927898856101115	0.5478151046673525	0.15290590677163768
21967	0.3349219484618559	0.6644510012023664	0.0006270503357767527
21968	0.04200720287652539	0.9493464853490031	0.008646311774466755
21969	0.00134335257341789	0.3082739382410946	0.6903827091854919
21970	0.02999254907480466	0.9516379534130424	0.018369497512156267
21971	0.008851781609860299	0.9863679897685915	0.0047802286215501725
21972	0.005256979049613271	0.9936391948351493	0.0011038261152372646
21973	0.17474979620014156	0.791602684345526	0.033647519454329776
21974	0.00889085344484479	0.9907086979028469	0.00040044865231039084
21975	0.014585521742806563	0.9848537069359508	0.0005607713212500755
21976	0.012951091431601756	0.9808066656840396	0.006242242884356418
21977	0.3256368898125818	0.6215093219698928	0.05285378821752446
21978	0.0078105918922278346	0.9613364832893487	0.03085292481842184
21979	0.09005288971713826	0.9011918197639759	0.00875529051888619
21980	0.0031405282227374228	0.370812879457177	0.6260465923200926
21981	0.27236019704604886	0.618097797076842	0.10954200587711056
21982	0.011254089904971206	0.9649844878779229	0.023761422217109383
21983	0.0004969747417557127	0.9994581180159947	4.490724224337295e-05
21984	0.014495659581977757	0.9634539783558284	0.02205036206219146
21985	0.7085919121573289	0.21119756959574668	0.08021051824692786
21986	0.0758591106217055	0.7998274914601258	0.12431339791816845
21987	0.05428739669849675	0.8934185835551427	0.05229401974635581
21988	0.0005697124209217367	0.9972177921566586	0.0022124954224192134
21989	0.08244976189158609	0.590250498009205	0.32729974009921053
21990	0.06344860459296285	0.8787690163796352	0.05778237902740371
21991	0.0006861844453446509	0.035592855402983445	0.9637209601516784
21992	7.921375982718171e-05	0.9997511520657856	0.000169634174385811
21993	0.009328757289583147	0.9500892583320842	0.04058198437833317
21994	0.00124626075216321	0.9509510331590103	0.047802706088827106
21995	0.003324566060541084	0.9947527701493916	0.00192266379006647
21996	0.0037356166042838315	0.973255914657743	0.023008468737973235
21997	0.12391723436691368	0.8580712503040611	0.01801151532902075
21998	0.05284859521825405	0.7314538714358115	0.21569753334593145
21999	0.00013516492468948837	0.9939965540173045	0.005868281057999025
22000	0.16906015001460153	0.7511672303935035	0.0797726195918948
22001	0.11254653412726182	0.8252400154972792	0.06221345037546059
22002	0.001160420784903847	0.9755144303806553	0.023325148834444608
22003	0.0031865680402479485	0.8293758514623404	0.16743758049741053
22004	0.44259164228433345	0.5388788078748225	0.01852954984084465
22005	0.0028490572794520946	0.7997549735679684	0.19739596915258162
22006	0.017677671328127528	0.8831021419916457	0.09922018668022788
22007	0.05294970604791193	0.7777217671244936	0.1693285268275959
22008	0.004762177656076252	0.6550658046182027	0.340172017725716
22009	0.012910746086695077	0.9612707932691796	0.025818460644129772
22010	0.008411824530480606	0.9594852313128637	0.03210294415666139
22011	0.0017410063546148293	0.9981082477353218	0.00015074591006009202
22012	0.1008081345916912	0.8986966096219458	0.0004952557863673535
22013	0.005447227492945588	0.9907723162615379	0.003780456245518332
22014	2.423546317128053e-05	0.9921434633435859	0.00783230119324403
22015	0.01204923593848431	0.9853901552789271	0.0025606087825920196
22016	0.015498126215878255	0.8901523171642318	0.09434955661989217
22017	5.4086989099440125e-05	0.999143802008384	0.0008021110025098194
22018	0.019665592552135593	0.8675287735539153	0.11280563389394703
22019	0.05915532160809248	0.9288183373312656	0.01202634106064117
22020	0.5013372690975161	0.4962173566596493	0.002445374242834019
22021	0.04121918176649478	0.9497190048835129	0.00906181334999445
22022	0.026453789023823743	0.9245995381761004	0.04894667280007608
22023	0.006648815768303049	0.9926496069406814	0.0007015772910206008
22024	0.6600666668058699	0.26274309317949585	0.07719024001463269
22025	0.006431316591638068	0.9928618145748309	0.000706868833538856
22026	0.0005653693760342243	0.9383464069460759	0.06108822367788762
22027	0.005462777318915814	0.9681123868816988	0.026424835799383796
22028	0.385763628658042	0.5911285190040784	0.023107852337881308
22029	0.02157429898631474	0.5932185278611345	0.38520717315254965
22030	1.1289176133762387e-05	0.9997174836627012	0.00027122716116350867
22031	0.004777166512118845	0.1918082889658485	0.8034145445220362
22032	0.16765229167098603	0.38030107087391835	0.45204663745508317
22033	0.5255017290824301	0.4242797588324455	0.050218512085136065
22034	0.05628455534945932	0.8842171564385949	0.05949828821194747
22035	0.017511852093745527	0.9661658465833904	0.016322301322868868
22036	0.014730972808718722	0.9114490418481944	0.07381998534308584
22037	0.08975737548072879	0.34148463327900996	0.5687579912402635
22038	8.900150861376082e-05	0.9996218436062416	0.0002891548851491229
22039	9.502635079053042e-05	0.9995420209478918	0.0003629527013223186
22040	0.00659381959899544	0.9918707415376835	0.0015354388633218108
22041	4.9207665515380386e-05	0.9998720803660349	7.87119684486771e-05
22042	0.0024832062516544897	0.8725813310009285	0.12493546274741896
22043	0.027030731165213796	0.7801694310687518	0.1927998377660396
22044	0.05233297037535875	0.9376948433454694	0.009972186279173874
22045	4.1055011602264416e-05	0.9999306710228488	2.827396555353143e-05
22046	2.7959012715173808e-05	0.999791879380455	0.00018016160682825212
22047	0.4198669030694598	0.4963688177926897	0.08376427913784724
22048	8.617602490962982e-05	0.9997934180510507	0.0001204059240457439
22049	0.010797587368523763	0.9861879299119483	0.0030144827195233794
22050	0.0027328432435942806	0.9928456445783602	0.004421512178042397
22051	0.018411491755235754	0.9409159533200758	0.040672554924677966
22052	0.02398807979345818	0.9760078893637257	4.030842804374577e-06
22053	0.0316119434051808	0.9527137860251331	0.01567427056968845
22054	0.0001004935259233116	0.9664473520573992	0.03345215441667309
22055	0.0005748976152328558	0.9839221504274568	0.015502951957312156
22056	0.11297596440384412	0.8433674703457955	0.04365656525036429
22057	0.00030810252054180664	0.38152385403001066	0.6181680434494491
22058	0.08642968945334233	0.9101581063511918	0.0034122041954662927
22059	0.0046756213924047255	0.6517548799835574	0.34356949862403485
22060	0.021736447986432064	0.5868130340096224	0.39145051800395214
22061	0.03403516542578625	0.5557996374554959	0.41016519711871724
22062	0.1685608818322618	0.6500455001882639	0.18139361797946912
22063	0.027813433211609024	0.6027142334364608	0.3694723333519345
22064	3.2927465016687054e-05	0.9992530173754102	0.0007140551595791601
22065	0.011325714715971045	0.5597401497278524	0.42893413555617715
22066	0.07720111142612639	0.9192515611058775	0.003547327467989643
22067	0.1912150124964814	0.80485865181135	0.003926335692181368
22068	0.015811683649729773	0.9638185051286722	0.02036981122160391
22069	0.050459723207468506	0.875814446457216	0.07372583033531457
22070	0.09804368664724328	0.7454197086277999	0.1565366047249705
22071	0.36734865556143215	0.3485014181650338	0.2841499262735275
22072	0.5873586745856727	0.1034768029291908	0.3091645224851331
22073	0.009287403128031616	0.7856652392596353	0.20504735761232995
22074	0.08189858927677542	0.8219748281292177	0.09612658259400648
22075	0.01933949093227401	0.44829447227783414	0.5323660367898876
22076	0.21242682767333174	0.5257860675602483	0.26178710476642286
22077	0.13578511553731232	0.8627727734657016	0.0014421109969838686
22078	0.00019637544136222806	0.00018312978421129237	0.9996204947744338
22079	0.0013990203641378901	0.9506331832504241	0.04796779638544127
22080	0.008019028640357022	0.9697076295670801	0.022273341792567486
22081	0.6609319447359429	0.31215440959462787	0.026913645669429026
22082	0.000656162465586028	0.2522105865941671	0.7471332509402518
22083	0.006186388249613121	0.42317423219754363	0.5706393795528407
22084	0.007451163556460906	0.9921479290341763	0.0004009074093653365
22085	0.010420065962473584	0.9876723765709655	0.0019075574665632913
22086	0.04254001947180102	0.9412526763412332	0.016207304186967825
22087	0.16611178945013705	0.44162736765393157	0.3922608428959326
22088	0.10594190786417812	0.1569722801738762	0.737085811961949
22089	0.22485073573198083	0.5314680688484311	0.24368119541958916
22090	0.2774380755472971	0.4668087980689383	0.25575312638376835
22091	3.432355724226474e-05	0.998207517372922	0.0017581590698411982
22092	0.8818220096360779	0.11143215368151399	0.006745836682409585
22093	0.12725171095870974	0.5936437196294113	0.27910456941187867
22094	0.3286838838609453	0.6464073929907113	0.024908723148345066
22095	0.0002919132830376109	0.9947698118394436	0.004938274877511796
22096	0.30527969136861316	0.6640800053345094	0.030640303296878578
22097	0.030276122168422487	0.9682020396530622	0.001521838178521092
22098	0.022310559781854374	0.9765738599051506	0.0011155803130087764
22099	0.0001506525930765907	0.9998385104955945	1.0836911324163225e-05
22100	0.0014339976543512475	0.5299470572534122	0.4686189450922376
22101	0.020914697646320146	0.9520625974988299	0.027022704854846348
22102	0.10862753646980922	0.8800026054690288	0.011369858061165208
22103	0.16559468113811987	0.8004269206695809	0.033978398192299836
22104	0.28295574877158663	0.6154230604678034	0.10162119076061218
22105	0.0007171885333316285	0.998856219248618	0.0004265922180527449
22106	0.8135387228936468	0.17319031755102549	0.013270959555328907
22107	0.02725728916556742	0.9354624732209222	0.03728023761350705
22108	0.0056582413485027246	0.9942518987724268	8.985987906375909e-05
22109	0.003304308118517356	0.08340165719480655	0.9132940346866797
22110	0.011728128785036823	0.9859248870062449	0.0023469842087236728
22111	0.08154673419421049	0.9149830601969122	0.003470205608871677
22112	0.0011918084632310145	0.9625088954929677	0.036299296043803664
22113	0.0345583715647515	0.951751381433102	0.013690247002152468
22114	0.0003179894444452904	0.9995862609250475	9.574963050274228e-05
22115	0.0010904557226557104	0.986865527566616	0.012044016710724482
22116	8.142233721567168e-05	0.9824277436405491	0.017490834022230183
22117	0.0007698344746524668	0.9918266516737151	0.007403513851634925
22118	0.0044359949853181	0.9927944418212058	0.0027695631934709706
22119	0.036367141365721965	0.9229115282965319	0.04072133033774343
22120	0.00649270204095991	0.9927764189489159	0.0007308790101249532
22121	0.781727048884613	0.1911957823943354	0.027077168721049056
22122	0.6096932734956725	0.3184534310724856	0.0718532954318396
22123	0.04305829268169468	0.9536445462567107	0.003297161061597478
22124	0.012784630209777303	0.9744810985419237	0.012734271248305935
22125	0.009153506952316339	0.9801276908433524	0.010718802204336058
22126	0.09939086926121199	0.8863614229873178	0.014247707751470391
22127	0.0013355085309536498	0.9982515235258246	0.00041296794321941846
22128	0.0007711013418912484	0.77217388662144	0.22705501203665873
22129	0.0027184444958488333	0.9689117703394013	0.028369785164740657
22130	0.006543093120186335	0.8670526577026642	0.12640424917714566
22131	0.025803761409587785	0.6349783385725027	0.33921790001790686
22132	0.003850921268526077	0.22786131743671328	0.768287761294755
22133	0.013400609729266894	0.9710324409350481	0.015566949335688016
22134	9.237423849087891e-05	0.9707813380328053	0.029126287728696878
22135	0.09852619342301136	0.6654270830000603	0.2360467235769268
22136	0.0001277043248431127	0.9998424030087768	2.9892666376120253e-05
22137	0.0074374232779739905	0.9801191337162827	0.012443443005746823
22138	0.3422684575538405	0.638532489465809	0.01919905298035095
22139	0.009664160001233626	0.7830734337194664	0.20726240627930353
22140	0.0850806112726269	0.8179143646835932	0.09700502404377367
22141	0.011338244312514874	0.982199443092146	0.006462312595338071
22142	0.20233296315719448	0.7486207671674646	0.04904626967534054
22143	0.046227411342287965	0.24901604288515297	0.7047565457725583
22144	0.046227411342287965	0.24901604288515297	0.7047565457725583
22145	0.10946682405657675	0.7862289079794819	0.10430426796394136
22146	0.7005350856622315	0.2294873041534452	0.06997761018432291
22147	0.10238792886368885	0.8573529505987979	0.04025912053751332
22148	0.01565672675643472	0.9610778412660419	0.02326543197752498
22149	0.0005951808746090649	0.8583412989028015	0.14106352022259558
22150	0.006533641650600566	0.7739347822543091	0.21953157609508536
22151	0.004751429228978711	0.9702261958977174	0.025022374873305702
22152	0.0008594557717010828	0.9746730889893486	0.024467455238953502
22153	0.010184970214548254	0.9487094320949238	0.04110559769052911
22154	0.0003563660126031882	0.9838512064648343	0.01579242752256397
22155	0.018144804025129663	0.9809693531221856	0.0008858428526852456
22156	0.006818526291374028	0.9882496546482618	0.004931819060360356
22157	0.008778527047971723	0.978189997765183	0.013031475186845682
22158	0.15647868610337343	0.7447287379573182	0.09879257593930542
22159	0.0004462303094113104	0.9959592678106214	0.003594501879964224
22160	0.0012623265288426576	0.9934292772626656	0.005308396208485788
22161	0.0008425243114556312	0.9009292718788281	0.09822820380972058
22162	0.0025924753914104235	0.9866951846532149	0.010712339955371157
22163	0.00835846727514347	0.9664233643104215	0.0252181684144404
22164	0.000148149175810776	0.9991379012623275	0.0007139495618634908
22165	0.12002348685334797	0.2856795400559846	0.5942969730906665
22166	0.05821586223977213	0.9237681270911897	0.0180160106690374
22167	0.02884022925288598	0.8564999198317742	0.11465985091533755
22168	0.008384844312042214	0.9328294491658691	0.05878570652208792
22169	0.0406481279245461	0.6654661770728023	0.2938856950026519
22170	0.2251904574736355	0.771734014260747	0.003075528265616172
22171	0.08405897929424372	0.4050802751055136	0.5108607456002418
22172	0.023367846843962686	0.9732829653803868	0.0033491877756477587
22173	0.014425711074419369	0.938924289737139	0.04664999918843815
22174	0.0003830252258958863	0.999609197762716	7.777011381115372e-06
22175	0.1735961517527906	0.8243016837948349	0.0021021644523806066
22176	0.019113238803672914	0.8955566913033324	0.08533006989299469
22177	0.011010630815963655	0.9755196267811562	0.013469742402885333
22178	0.0013739819445649341	0.9980432645277534	0.0005827535276843141
22179	0.03105085164206203	0.963348032055832	0.005601116302103181
22180	0.002220088434124848	0.9962225046426758	0.0015574069232024308
22181	0.048671395475884296	0.9412368359643987	0.010091768559712676
22182	0.23695228467875337	0.7621927915740455	0.0008549237471983919
22183	0.020210482930599637	0.9764656340353648	0.003323883034035255
22184	0.01235716080228515	0.9852620151600318	0.0023808240376865138
22185	0.004153226529237797	0.995287220722195	0.0005595527485661288
22186	0.006063504354306012	0.6984209882268819	0.295515507418812
22187	0.057948520411830726	0.7919081178788447	0.15014336170932527
22188	0.09604121323388923	0.8432922390839029	0.060666547682207944
22189	0.00199445452049523	0.002421086571688856	0.9955844589078169
22190	0.012671747085744032	0.9866662952190303	0.0006619576952290806
22191	0.7620374345816463	0.07127722997966857	0.1666853354386845
22192	0.05311656540519087	0.9358747126475097	0.011008721947302331
22193	0.02935405158581536	0.9651433579080264	0.005502590506161425
22194	0.5424694844042873	0.38593010191190197	0.07160041368381118
22195	0.00042158939524923573	0.9881059652472097	0.011472445357544584
22196	0.0014301479208334237	0.9544317962169995	0.044138055862166195
22197	0.5388077245451194	0.4074057645433428	0.05378651091153669
22198	0.00016757917902772144	0.9898670018991087	0.009965418921867206
22199	0.002021829997618649	0.9809332066608848	0.017044963341494766
22200	0.018964232618613526	0.9700088187586365	0.011026948622749869
22201	0.061637893515077306	0.8977146114600765	0.040647495024847775
22202	0.009870268904748231	0.989142656593593	0.0009870745016551195
22203	0.005047183607251471	0.4940172548298767	0.5009355615628744
22204	0.0004433851295340825	0.9962571234322088	0.0032994914382633795
22205	0.035253397571812874	0.9551205641845707	0.009626038243618594
22206	0.014617690518397206	0.9518695236471789	0.03351278583442034
22207	2.8304621533130923e-06	0.9842991352543126	0.015698034283544823
22208	0.44303180371714357	0.4931941894788773	0.06377400680397884
22209	1.1376414038102877e-06	0.9999945242994804	4.3380591079468406e-06
22210	0.004906524982876716	0.9939364272054497	0.0011570478116693147
22211	0.000405027645937031	0.9989212421393973	0.0006737302146690241
22212	0.06433150042863996	0.3722080980819475	0.5634604014894118
22213	0.2765867034698509	0.4081916174477492	0.31522167908240517
22214	0.0003071302296517384	0.9989362921510061	0.0007565776193412206
22215	0.0006684347276939582	0.9916808590965236	0.007650706175778661
22216	0.002291375673966467	0.9679642568822366	0.029744367443796316
22217	0.0015270311047256655	0.9540129383873992	0.0444600305078774
22218	0.014490031491950573	0.9666228899911121	0.01888707851693416
22219	0.009368237133887961	0.9905386939814137	9.306888470286682e-05
22220	0.002309446677076121	0.9953835642991105	0.0023069890238082307
22221	0.00012504466113081024	0.9998746335978647	3.2174099649964523e-07
22222	0.008383545828288588	0.9703265691000731	0.02128988507163969
22223	0.0006749816438853224	0.9950455227759034	0.0042794955802078205
22224	0.0009587080038197637	0.8209943956020492	0.17804689639412707
22225	0.002189094882015251	0.9619738518394919	0.03583705327849113
22226	0.025371070112064582	0.9157469470576263	0.05888198283031201
22227	0.0008291593286284112	0.9573322594371406	0.04183858123423576
22228	0.005207965905970153	0.9922252004266005	0.0025668336674338588
22229	0.003504673396479661	0.9803332553876782	0.01616207121584264
22230	0.2804314663511962	0.716552673862167	0.003015859786634129
22231	0.004509366506864594	0.9497894292977049	0.04570120419543027
22232	0.003956379167964641	0.8468977891226126	0.14914583170942353
22233	0.004205069482390301	0.9827658110714537	0.013029119446153158
22234	0.01169573859857664	0.972891987047622	0.015412274353798362
22235	0.45129284826608296	0.5432474465755008	0.005459705158411742
22236	0.08192690646430471	0.8292884151288686	0.08878467840682736
22237	0.008072280639688978	0.7290522144300106	0.26287550493030637
22238	0.000204887796138255	0.9997927625134686	2.3496903872684816e-06
22239	0.16249274694182095	0.8195934735897559	0.017913779468425605
22240	6.971749458081202e-05	0.9979943124129681	0.0019359700924563735
22241	0.000575389494743028	0.7630615228704566	0.23636308763478617
22242	0.5269863032876576	0.2464037162685577	0.22660998044378433
22243	0.001546426842433906	0.9009481820106849	0.09750539114688211
22244	0.005710905933620988	0.9291699731475986	0.06511912091877735
22245	0.0019478773722838001	0.9893481664512742	0.008703956176441343
22246	0.008079128865751264	0.8872267504707761	0.10469412066347505
22247	0.0025248775827067574	0.9645047304301626	0.03297039198713117
22248	0.2830191229505711	0.3031385668428487	0.4138423102065798
22249	0.0002925697038249973	0.9231035951164976	0.07660383517967533
22250	0.22749055068511553	0.6804557461649915	0.09205370314989911
22251	0.05721938262348463	0.9387414118936485	0.004039205482872355
